# Goxel 0.15.1
# One line per voxel
# X Y Z RRGGBB
-19 -4 10 bf5f02
-18 -4 10 be5801
-17 -4 10 b45102
-17 -3 10 af4b04
-18 -5 11 af4b04
-19 -4 11 bf5f02
-18 -4 11 b45102
-17 -4 11 913203
-17 -3 11 913203
-18 -5 12 af4b04
-19 -4 12 bf5f02
-18 -4 12 b45102
-17 -4 12 a73f03
-18 -3 12 b45102
-17 -3 12 af4b04
-18 -4 13 be5801
-17 -4 13 a73f03
-18 -3 13 be5801
-17 -3 13 af4b04
-18 -4 14 be5801
-17 -4 14 af4b04
-17 -3 14 af4b04
-17 -4 15 af4b04
-17 -3 15 b45102
-1 -7 0 5c2800
-1 -6 0 5c2800
-1 -5 0 5c2800
-1 -7 1 5c2800
-1 -6 1 5c2800
-1 -5 1 5c2800
-1 -7 2 5c2800
-1 -6 2 5c2800
-1 -5 2 5c2800
-1 -7 3 5c2800
-1 -6 3 5c2800
-1 -3 5 5c2800
-1 -2 5 5c2800
-1 -1 5 5c2800
-1 -5 6 5c2800
-2 -4 6 5c2800
-1 -4 6 5c2800
-2 -3 6 d29007
-1 -3 6 5c2800
-2 -2 6 935703
-1 -2 6 5c2800
-2 -1 6 865005
-1 -1 6 5c2800
-1 -7 7 5c2800
-2 -6 7 532509
-1 -6 7 5c2800
-2 -5 7 c49002
-1 -5 7 5c2800
-3 -4 7 d29007
-2 -4 7 d29007
-1 -4 7 5c2800
-3 -3 7 d29007
-2 -3 7 d29007
-4 -2 7 d29007
-3 -2 7 d29007
-2 -2 7 d29007
-4 -1 7 d29007
-3 -1 7 d29007
-2 -1 7 d3a105
-2 -7 8 865005
-1 -7 8 5c2800
-3 -6 8 d29007
-2 -6 8 d29007
-1 -6 8 5c2800
-4 -5 8 d29007
-3 -5 8 d29007
-2 -5 8 d29007
-4 -4 8 d29007
-3 -4 8 d29007
-2 -4 8 d29007
-10 -3 8 af4b04
-4 -3 8 d29007
-3 -3 8 d29007
-4 -2 8 d29007
-3 -2 8 d29007
-4 -1 8 d29007
-1 -8 9 5c2800
-2 -7 9 c49002
-1 -7 9 5c2800
-4 -6 9 d29007
-3 -6 9 c49002
-2 -6 9 d29007
-4 -5 9 d29007
-3 -5 9 d29007
-5 -4 9 d29007
-4 -4 9 d29007
-11 -3 9 b45102
-10 -3 9 af4b04
-9 -3 9 913203
-8 -3 9 a73f03
-6 -3 9 d29007
-5 -3 9 d29007
-4 -3 9 d29007
-10 -2 9 ad4500
-9 -2 9 a13803
-8 -2 9 a73f03
-6 -2 9 d3a105
-5 -2 9 d29007
-6 -1 9 d29007
-5 -1 9 d29007
-2 -8 10 af7e04
-1 -8 10 532509
-3 -7 10 c49002
-2 -7 10 b98601
-4 -6 10 d29007
-3 -6 10 c49002
-2 -6 10 c49002
-5 -5 10 d29007
-4 -5 10 d29007
-16 -4 10 ad4500
-15 -4 10 a13803
-6 -4 10 d29007
-5 -4 10 d29007
-4 -4 10 d29007
-16 -3 10 ad4500
-15 -3 10 a73f03
-12 -3 10 ad4500
-11 -3 10 a13803
-10 -3 10 8a2c03
-9 -3 10 8a2c03
-8 -3 10 812504
-7 -3 10 d3a105
-6 -3 10 d29007
-5 -3 10 d29007
-11 -2 10 af4b04
-10 -2 10 a73f03
-9 -2 10 913203
-8 -2 10 8a2c03
-7 -2 10 d3a105
-6 -2 10 d3a105
-7 -1 10 d3a105
-6 -1 10 d3a105
-1 -9 11 5c2800
-3 -8 11 af7e04
-2 -8 11 af7e04
-1 -8 11 401e03
-4 -7 11 af8c04
-3 -7 11 af7e04
-2 -7 11 af7e04
-6 -6 11 af8c04
-5 -6 11 c49002
-4 -6 11 c49002
-3 -6 11 b98601
-7 -5 11 b99600
-6 -5 11 c49002
-5 -5 11 c49002
-4 -5 11 c49002
-16 -4 11 a13803
-15 -4 11 913203
-14 -4 11 812504
-8 -4 11 c69d02
-7 -4 11 c69d02
-6 -4 11 d29007
-16 -3 11 a73f03
-15 -3 11 983a06
-14 -3 11 913203
-11 -3 11 a13803
-10 -3 11 812504
-9 -3 11 8a2c03
-8 -3 11 d3a105
-7 -3 11 d3a105
-11 -2 11 a73f03
-10 -2 11 973307
-9 -2 11 8a2c03
-8 -2 11 d3a105
-7 -2 11 d3a105
-9 -1 11 d3a105
-8 -1 11 d3a105
-7 -1 11 d3a105
-1 -9 12 5c2800
-3 -8 12 947c03
-2 -8 12 9f7703
-1 -8 12 532509
-5 -7 12 9e8503
-4 -7 12 9e8503
-3 -7 12 af7e04
-7 -6 12 af8c04
-6 -6 12 af8c04
-5 -6 12 af8c04
-4 -6 12 af8c04
-8 -5 12 af8c04
-7 -5 12 af8c04
-6 -5 12 af8c04
-16 -4 12 983a06
-15 -4 12 8a2c03
-14 -4 12 812504
-13 -4 12 782203
-10 -4 12 b99600
-9 -4 12 b99600
-8 -4 12 c69d02
-7 -4 12 b99600
-16 -3 12 a13803
-15 -3 12 913203
-14 -3 12 8a2c03
-13 -3 12 8a2c03
-11 -3 12 a13803
-10 -3 12 913203
-9 -3 12 d29007
-8 -3 12 c69d02
-11 -2 12 a13803
-10 -2 12 913203
-9 -2 12 d29007
-11 -1 12 c69d02
-10 -1 12 d3a105
-9 -1 12 d3a105
-1 -9 13 532509
-4 -8 13 947c03
-3 -8 13 947c03
-2 -8 13 926f05
-1 -8 13 532509
-6 -7 13 947c03
-5 -7 13 947c03
-4 -7 13 947c03
-3 -7 13 947c03
-8 -6 13 9e8503
-7 -6 13 9e8503
-6 -6 13 9e8503
-5 -6 13 947c03
-11 -5 13 947c03
-10 -5 13 947c03
-9 -5 13 9e8503
-8 -5 13 9e8503
-7 -5 13 9e8503
-16 -4 13 8a2c03
-15 -4 13 8a2c03
-14 -4 13 6e2102
-13 -4 13 8a2c03
-12 -4 13 9e8503
-11 -4 13 af8c04
-10 -4 13 af8c04
-9 -4 13 af8c04
-16 -3 13 8a2c03
-15 -3 13 913203
-14 -3 13 782203
-13 -3 13 812504
-12 -3 13 bf5f02
-11 -3 13 b99600
-10 -3 13 c69d02
-13 -2 13 b99600
-12 -2 13 c69d02
-11 -2 13 c69d02
-10 -2 13 d3a105
-13 -1 13 b99600
-12 -1 13 b99600
-11 -1 13 c69d02
-10 -1 13 d3a105
-2 -9 14 532509
-1 -9 14 532509
-4 -8 14 7e6e0b
-3 -8 14 7e6e0b
-2 -8 14 7e6e0b
-1 -8 14 401e03
-6 -7 14 7e6e0b
-5 -7 14 817500
-4 -7 14 817500
-3 -7 14 817500
-9 -6 14 6d6806
-8 -6 14 817500
-7 -6 14 817500
-6 -6 14 6d6806
-13 -5 14 6d6806
-12 -5 14 7e6e0b
-11 -5 14 7e6e0b
-10 -5 14 7e6e0b
-9 -5 14 817500
-8 -5 14 947c03
-16 -4 14 983a06
-15 -4 14 913203
-14 -4 14 6e2102
-13 -4 14 7e6e0b
-12 -4 14 817500
-11 -4 14 947c03
-16 -3 14 a13803
-15 -3 14 913203
-14 -3 14 6e2102
-14 -2 14 973307
-13 -2 14 947c03
-13 -1 14 7e6e0b
-12 -1 14 947c03
-2 -9 15 532509
-1 -9 15 532509
-5 -8 15 6d6806
-4 -8 15 6d6806
-3 -8 15 6d6806
-2 -8 15 532509
-1 -8 15 532509
-7 -7 15 7e6e0b
-6 -7 15 7e6e0b
-5 -7 15 6d6806
-4 -7 15 6d6806
-10 -6 15 6d6806
-9 -6 15 545c0a
-8 -6 15 6d6806
-7 -6 15 7e6e0b
-13 -5 15 545c0a
-12 -5 15 545c0a
-11 -5 15 60600a
-10 -5 15 6d6806
-9 -5 15 6d6806
-16 -4 15 a73f03
-15 -4 15 913203
-14 -4 15 782203
-13 -4 15 545c0a
-12 -4 15 60600a
-16 -3 15 a73f03
-15 -3 15 8a2c03
-14 -3 15 6d2c00
-14 -2 15 913203
-13 -1 15 545c0a
2 -9 0 5c2800
3 -9 0 5c2800
4 -9 0 5c2800
5 -9 0 532509
0 -8 0 5c2800
1 -8 0 5c2800
2 -8 0 5c2800
3 -8 0 5c2800
4 -8 0 5c2800
5 -8 0 401e03
6 -8 0 5c2800
0 -7 0 5c2800
1 -7 0 6d2c00
2 -7 0 6d2c00
3 -7 0 6d2c00
4 -7 0 5c2800
5 -7 0 532509
6 -7 0 401e03
0 -6 0 5c2800
1 -6 0 6d2c00
2 -6 0 6d2c00
3 -6 0 6d2c00
4 -6 0 6d2c00
5 -6 0 5c2800
6 -6 0 5c2800
0 -5 0 5c2800
1 -5 0 6d2c00
2 -5 0 6d2c00
3 -5 0 6d2c00
4 -5 0 5c2800
5 -5 0 5c2800
6 -5 0 532509
0 -4 0 5c2800
1 -4 0 5c2800
2 -4 0 5c2800
3 -4 0 5c2800
4 -4 0 5c2800
5 -4 0 642e0c
3 -9 1 532509
4 -9 1 532509
0 -8 1 5c2800
1 -8 1 5c2800
2 -8 1 5c2800
3 -8 1 532509
4 -8 1 5c2800
5 -8 1 5c2800
0 -7 1 5c2800
3 -7 1 5c2800
4 -7 1 5c2800
5 -7 1 401e03
4 -6 1 642e0c
5 -6 1 5c2800
6 -6 1 532509
0 -5 1 5c2800
3 -5 1 532509
4 -5 1 642e0c
5 -5 1 532509
0 -4 1 5c2800
1 -4 1 5c2800
2 -4 1 5c2800
3 -4 1 5c2800
4 -4 1 aa680a
5 -4 1 532509
0 -8 2 5c2800
1 -8 2 5c2800
2 -8 2 5c2800
3 -8 2 532509
4 -8 2 5c2800
0 -7 2 5c2800
3 -7 2 532509
4 -7 2 532509
4 -6 2 4c1e02
0 -5 2 5c2800
3 -5 2 532509
4 -5 2 532509
0 -4 2 5c2800
1 -4 2 5c2800
2 -4 2 5c2800
3 -4 2 532509
0 -8 3 5c2800
1 -8 3 5c2800
2 -8 3 5c2800
3 -8 3 5c2800
4 -8 3 5c2800
0 -7 3 5c2800
4 -7 3 532509
5 -7 3 532509
4 -6 3 532509
5 -6 3 532509
0 -5 3 5c2800
4 -5 3 532509
5 -5 3 532509
0 -4 3 532509
1 -4 3 532509
2 -4 3 5c2800
3 -4 3 5c2800
4 -4 3 532509
2 -9 4 5c2800
3 -9 4 5c2800
0 -8 4 5c2800
1 -8 4 5c2800
2 -8 4 5c2800
3 -8 4 5c2800
4 -8 4 5c2800
5 -8 4 5c2800
0 -7 4 5c2800
4 -7 4 532509
5 -7 4 5c2800
0 -6 4 5c2800
5 -6 4 532509
0 -5 4 532509
5 -5 4 532509
0 -4 4 532509
1 -4 4 532509
2 -4 4 5c2800
3 -4 4 5c2800
4 -4 4 4c1e02
5 -4 4 4c1e02
2 -3 4 532509
3 -3 4 4c1e02
4 -3 4 4c1e02
5 -3 4 5c2800
6 -3 4 5c2800
1 -2 4 5c2800
2 -2 4 5c2800
3 -2 4 5c2800
4 -2 4 5c2800
5 -2 4 5c2800
6 -2 4 5c2800
1 -1 4 5c2800
2 -1 4 5c2800
3 -1 4 5c2800
4 -1 4 5c2800
5 -1 4 5c2800
6 -1 4 6d2c00
3 -11 5 4c1e02
2 -10 5 532509
3 -10 5 5c2800
4 -10 5 5c2800
1 -9 5 5c2800
2 -9 5 5c2800
3 -9 5 5c2800
4 -9 5 532509
0 -8 5 5c2800
1 -8 5 532509
2 -8 5 5c2800
3 -8 5 532509
4 -8 5 5c2800
5 -8 5 5c2800
0 -7 5 5c2800
5 -7 5 532509
0 -6 5 5c2800
5 -6 5 532509
0 -5 5 532509
5 -5 5 532509
6 -5 5 5c2800
7 -5 5 5c2800
0 -4 5 532509
1 -4 5 532509
2 -4 5 4c1e02
3 -4 5 4c1e02
4 -4 5 4c1e02
5 -4 5 5c2800
6 -4 5 5c2800
7 -4 5 5c2800
0 -3 5 532509
1 -3 5 4c1e02
2 -3 5 4c1e02
3 -3 5 4c1e02
4 -3 5 4c1e02
5 -3 5 5c2800
6 -3 5 5c2800
7 -3 5 5c2800
8 -3 5 dc9905
0 -2 5 5c2800
1 -2 5 5c2800
2 -2 5 5c2800
3 -2 5 5c2800
4 -2 5 5c2800
5 -2 5 5c2800
6 -2 5 5c2800
7 -2 5 5c2800
8 -2 5 dc9905
0 -1 5 5c2800
1 -1 5 5c2800
2 -1 5 5c2800
3 -1 5 5c2800
5 -1 5 5c2800
6 -1 5 5c2800
7 -1 5 5c2800
8 -1 5 dc9905
2 -13 6 401e03
3 -13 6 5c2800
4 -13 6 532509
1 -12 6 401e03
2 -12 6 5c2800
3 -12 6 5c2800
4 -12 6 5c2800
5 -12 6 5c2800
1 -11 6 401e03
2 -11 6 5c2800
3 -11 6 5c2800
4 -11 6 5c2800
5 -11 6 4c1e02
1 -10 6 401e03
2 -10 6 5c2800
3 -10 6 5c2800
4 -10 6 5c2800
5 -10 6 532509
1 -9 6 401e03
2 -9 6 401e03
3 -9 6 5c2800
4 -9 6 4c1e02
5 -9 6 4c1e02
0 -8 6 5c2800
1 -8 6 532509
4 -8 6 532509
5 -8 6 532509
0 -7 6 5c2800
5 -7 6 5c2800
6 -7 6 5c2800
0 -6 6 5c2800
5 -6 6 5c2800
6 -6 6 5c2800
7 -6 6 dc9905
0 -5 6 532509
5 -5 6 532509
6 -5 6 5c2800
7 -5 6 7e4106
8 -5 6 dc9905
0 -4 6 5c2800
7 -4 6 6d2c00
8 -4 6 dc9905
0 -3 6 532509
8 -3 6 dc9905
9 -3 6 dc9905
8 -2 6 dc9905
9 -2 6 dc9905
8 -1 6 dc9905
9 -1 6 dc9905
1 -13 7 532509
2 -13 7 532509
3 -13 7 401e03
4 -13 7 532509
5 -13 7 4c1e02
1 -12 7 5c2800
2 -12 7 5c2800
4 -12 7 5c2800
5 -12 7 5c2800
1 -11 7 5c2800
2 -11 7 5c2800
5 -11 7 532509
1 -10 7 532509
2 -10 7 532509
5 -10 7 532509
1 -9 7 532509
2 -9 7 401e03
3 -9 7 4c1e02
4 -9 7 401e03
5 -9 7 401e03
0 -8 7 5c2800
1 -8 7 5c2800
4 -8 7 4c1e02
5 -8 7 5c2800
6 -8 7 d29007
0 -7 7 5c2800
5 -7 7 532509
6 -7 7 935703
7 -7 7 d29007
6 -6 7 935703
7 -6 7 d29007
8 -6 7 dc9905
0 -5 7 5c2800
8 -5 7 dc9905
9 -5 7 dc9905
8 -4 7 dc9905
9 -4 7 dc9905
9 -3 7 dc9905
9 -2 7 dc9905
10 -2 7 e2a309
9 -1 7 dc9905
10 -1 7 e2a309
2 -13 8 5c2800
3 -13 8 532509
4 -13 8 532509
5 -13 8 532509
1 -12 8 5c2800
2 -12 8 5c2800
5 -12 8 5c2800
1 -11 8 5c2800
2 -11 8 5c2800
5 -11 8 532509
6 -11 8 5c2800
1 -10 8 532509
2 -10 8 532509
5 -10 8 532509
6 -10 8 5c2800
0 -9 8 5c2800
1 -9 8 5c2800
2 -9 8 401e03
4 -9 8 401e03
5 -9 8 401e03
0 -8 8 5c2800
5 -8 8 d29007
6 -8 8 d29007
7 -8 8 dc9905
6 -7 8 d29007
7 -7 8 dc9905
8 -7 8 dc9905
8 -6 8 dc9905
9 -6 8 dc9905
9 -5 8 e2a309
9 -4 8 e2a309
10 -4 8 e2a309
10 -3 8 e2a309
10 -2 8 e2a309
10 -1 8 e2a309
1 -13 9 5c2800
2 -13 9 5c2800
3 -13 9 5c2800
4 -13 9 5c2800
5 -13 9 532509
1 -12 9 5c2800
5 -12 9 5c2800
6 -12 9 532509
1 -11 9 5c2800
6 -11 9 532509
1 -10 9 532509
6 -10 9 5c2800
0 -9 9 5c2800
1 -9 9 401e03
2 -9 9 4c1e02
5 -9 9 401e03
0 -8 9 532509
5 -8 9 dc9905
6 -8 9 dc9905
7 -8 9 dc9905
7 -7 9 dc9905
8 -7 9 e2a309
8 -6 9 e2a309
9 -6 9 e5a714
9 -5 9 e2a309
10 -4 9 e5a714
10 -3 9 e5a714
10 -2 9 ecb114
10 -1 9 865005
1 -13 10 5c2800
2 -13 10 5c2800
3 -13 10 5c2800
4 -13 10 5c2800
5 -13 10 5c2800
0 -12 10 5c2800
1 -12 10 5c2800
5 -12 10 5c2800
0 -11 10 5c2800
6 -11 10 532509
0 -10 10 5c2800
6 -10 10 532509
0 -9 10 532509
1 -9 10 532509
5 -9 10 401e03
0 -8 10 5c2800
5 -8 10 dc9905
6 -8 10 e2a309
7 -8 10 e2a309
7 -7 10 e2a309
8 -7 10 e2a309
8 -6 10 e5a714
9 -6 10 e5a714
9 -5 10 ecb114
10 -4 10 ecb114
10 -3 10 ecb114
10 -2 10 f3b81b
10 -1 10 f3b81b
0 -13 11 5c2800
1 -13 11 5c2800
2 -13 11 5c2800
3 -13 11 5c2800
4 -13 11 5c2800
5 -13 11 5c2800
0 -12 11 5c2800
5 -12 11 5c2800
0 -11 11 5c2800
6 -11 11 4c1e02
0 -10 11 5c2800
6 -10 11 5c2800
0 -9 11 5c2800
5 -9 11 4c1e02
0 -8 11 5c2800
5 -8 11 dc9905
6 -8 11 e2a309
7 -8 11 e2a309
7 -7 11 e5a714
8 -7 11 e5a714
8 -6 11 ecb114
9 -6 11 ecb114
9 -5 11 ecb114
10 -4 11 f3b81b
10 -3 11 f3b81b
10 -2 11 f3b81b
10 -1 11 f3b81b
0 -13 12 5c2800
1 -13 12 532509
2 -13 12 5c2800
3 -13 12 5c2800
4 -13 12 5c2800
5 -13 12 5c2800
0 -12 12 5c2800
1 -12 12 5c2800
4 -12 12 5c2800
5 -12 12 5c2800
0 -11 12 5c2800
5 -11 12 5c2800
6 -11 12 5c2800
0 -10 12 5c2800
5 -10 12 532509
6 -10 12 5c2800
0 -9 12 5c2800
4 -9 12 401e03
5 -9 12 532509
0 -8 12 532509
4 -8 12 401e03
5 -8 12 dc9905
6 -8 12 e2a309
5 -7 12 e2a309
6 -7 12 e2a309
7 -7 12 e5a714
8 -7 12 ecb114
7 -6 12 e5a714
8 -6 12 ecb114
8 -5 12 ecb114
9 -5 12 f3b81b
9 -4 12 f3b81b
9 -3 12 f3b81b
10 -3 12 f3b81b
10 -2 12 fcbe24
10 -1 12 fcbe24
0 -13 13 5c2800
1 -13 13 5c2800
2 -13 13 5c2800
3 -13 13 5c2800
4 -13 13 5c2800
0 -12 13 5c2800
1 -12 13 5c2800
4 -12 13 5c2800
5 -12 13 5c2800
0 -11 13 5c2800
5 -11 13 5c2800
0 -10 13 5c2800
5 -10 13 532509
0 -9 13 5c2800
4 -9 13 401e03
5 -9 13 532509
4 -8 13 401e03
5 -8 13 dc9905
5 -7 13 dc9905
6 -7 13 e2a309
7 -7 13 e5a714
6 -6 13 ce7804
7 -6 13 e5a714
8 -6 13 ecb114
7 -5 13 ecb114
8 -5 13 ecb114
9 -5 13 f3b81b
7 -4 13 e5a714
8 -4 13 f3b81b
9 -4 13 f3b81b
8 -3 13 f3b81b
9 -3 13 f3b81b
9 -2 13 f3b81b
10 -2 13 fcbe24
9 -1 13 fcbe24
10 -1 13 fcbe24
1 -13 14 5c2800
2 -13 14 5c2800
3 -13 14 5c2800
0 -12 14 5c2800
1 -12 14 532509
2 -12 14 5c2800
3 -12 14 5c2800
4 -12 14 5c2800
0 -11 14 5c2800
4 -11 14 5c2800
5 -11 14 5c2800
0 -10 14 5c2800
5 -10 14 532509
0 -9 14 5c2800
5 -9 14 532509
4 -8 14 401e03
5 -8 14 dc9905
5 -7 14 dc9905
6 -7 14 dc9905
6 -6 14 dc9905
7 -5 14 e2a309
7 -4 14 e2a309
8 -4 14 f3b81b
7 -3 14 ba7800
8 -3 14 ecb114
9 -3 14 f3b81b
7 -2 14 ba7800
8 -2 14 f3b81b
9 -2 14 f3b81b
8 -1 14 f3b81b
9 -1 14 fcbe24
0 -12 15 5c2800
1 -12 15 5c2800
2 -12 15 5c2800
3 -12 15 5c2800
4 -12 15 5c2800
0 -11 15 5c2800
3 -11 15 5c2800
4 -11 15 5c2800
0 -10 15 532509
4 -10 15 5c2800
5 -10 15 5c2800
0 -9 15 5c2800
5 -9 15 532509
5 -8 15 532509
5 -7 15 dc9905
6 -6 15 dc9905
6 -5 15 e2a309
7 -5 15 e2a309
7 -4 15 e2a309
7 -3 15 e2a309
7 -2 15 aa680a
8 -2 15 ba7800
7 -1 15 865005
8 -1 15 ba7800
-1 4 0 5c2800
-1 5 0 5c2800
-1 6 0 5c2800
-1 4 1 5c2800
-1 5 1 5c2800
-1 6 1 5c2800
-1 7 1 5c2800
-1 4 2 5c2800
-1 5 2 5c2800
-1 6 2 5c2800
-1 5 3 5c2800
-1 6 3 5c2800
-1 0 5 532509
-1 1 5 5c2800
-1 2 5 5c2800
-2 0 6 ba7800
-1 0 6 5c2800
-2 1 6 935703
-1 1 6 5c2800
-2 2 6 7e4106
-1 2 6 5c2800
-2 3 6 5c2800
-1 3 6 5c2800
-1 4 6 5c2800
-4 0 7 d29007
-3 0 7 d29007
-2 0 7 d3a105
-4 1 7 d29007
-3 1 7 d29007
-2 1 7 d3a105
-3 2 7 d29007
-2 2 7 d29007
-3 3 7 d29007
-2 3 7 d29007
-2 4 7 d29007
-1 4 7 5c2800
-2 5 7 5c2800
-1 5 7 5c2800
-1 6 7 5c2800
-4 0 8 d29007
-5 1 8 d29007
-4 1 8 d29007
-4 2 8 d29007
-3 2 8 d29007
-4 3 8 d29007
-3 3 8 d29007
-2 3 8 d29007
-4 4 8 d29007
-3 4 8 d29007
-2 4 8 d29007
-3 5 8 d29007
-2 5 8 d29007
-1 5 8 5c2800
-2 6 8 7e4106
-1 6 8 5c2800
-6 0 9 d29007
-5 0 9 d29007
-6 1 9 d29007
-5 1 9 d29007
-6 2 9 d3a105
-5 2 9 d3a105
-4 2 9 d29007
-5 3 9 d29007
-4 3 9 d29007
-4 4 9 d29007
-3 4 9 d29007
-4 5 9 d29007
-3 5 9 d29007
-2 5 9 d29007
-2 6 9 d29007
-1 6 9 5c2800
-1 7 9 5c2800
-7 0 10 d3a105
-6 0 10 d3a105
-7 1 10 d3a105
-6 1 10 d3a105
-6 2 10 d3a105
-5 2 10 d29007
-6 3 10 d29007
-5 3 10 d29007
-5 4 10 d29007
-4 4 10 d29007
-4 5 10 d29007
-3 5 10 d29007
-3 6 10 c49002
-2 6 10 c49002
-2 7 10 c49002
-1 7 10 532509
-9 0 11 d3a105
-8 0 11 d3a105
-7 0 11 d3a105
-8 1 11 d3a105
-7 1 11 d3a105
-8 2 11 c69d02
-7 2 11 d3a105
-6 2 11 d3a105
-7 3 11 c69d02
-6 3 11 d29007
-6 4 11 c49002
-5 4 11 c49002
-5 5 11 c49002
-4 5 11 c49002
-4 6 11 af8c04
-3 6 11 b98601
-2 6 11 b98601
-3 7 11 af7e04
-2 7 11 af7e04
-1 7 11 401e03
-1 8 11 5c2800
-10 0 12 c69d02
-9 0 12 d3a105
-8 0 12 d3a105
-9 1 12 c69d02
-8 1 12 c69d02
-8 2 12 b99600
-7 2 12 c69d02
-7 3 12 b99600
-6 3 12 c49002
-7 4 12 af8c04
-6 4 12 b99600
-6 5 12 af8c04
-5 5 12 af8c04
-4 5 12 af8c04
-5 6 12 af8c04
-4 6 12 af8c04
-3 6 12 af7e04
-3 7 12 9e8503
-2 7 12 9f7703
-1 7 12 532509
-1 8 12 5c2800
-11 0 13 b99600
-10 0 13 b99600
-9 0 13 c69d02
-10 1 13 af8c04
-9 1 13 b99600
-9 2 13 af8c04
-8 2 13 b99600
-8 3 13 9e8503
-7 3 13 af8c04
-7 4 13 9e8503
-6 4 13 9e8503
-6 5 13 9e8503
-5 5 13 9e8503
-5 6 13 9e8503
-4 6 13 9e8503
-3 6 13 947c03
-4 7 13 947c03
-3 7 13 947c03
-2 7 13 926f05
-1 7 13 532509
-2 8 13 926f05
-1 8 13 5c2800
-12 0 14 817500
-11 0 14 817500
-11 1 14 817500
-10 1 14 947c03
-10 2 14 817500
-9 2 14 817500
-8 2 14 947c03
-9 3 14 817500
-8 3 14 947c03
-7 4 14 947c03
-6 4 14 947c03
-7 5 14 817500
-6 5 14 947c03
-5 5 14 947c03
-5 6 14 817500
-4 6 14 817500
-4 7 14 817500
-3 7 14 7e6e0b
-2 7 14 7e6e0b
-1 7 14 401e03
-2 8 14 532509
-1 8 14 5c2800
-13 0 15 60600a
-12 0 15 60600a
-11 0 15 545c0a
-11 1 15 6d6806
-10 1 15 6d6806
-10 2 15 6d6806
-9 2 15 6d6806
-9 3 15 60600a
-8 3 15 6d6806
-8 4 15 6d6806
-7 4 15 6d6806
-7 5 15 6d6806
-6 5 15 7e6e0b
-5 5 15 7e6e0b
-6 6 15 6d6806
-5 6 15 7e6e0b
-4 6 15 6d6806
-4 7 15 6d6806
-3 7 15 6d6806
-2 7 15 5c2800
-1 7 15 532509
-2 8 15 532509
-1 8 15 532509
0 3 0 5c2800
1 3 0 5c2800
2 3 0 6d2c00
3 3 0 1c3921
4 3 0 38371e
5 3 0 5c2800
0 4 0 5c2800
1 4 0 6d2c00
2 4 0 6d2c00
3 4 0 6d2c00
4 4 0 6d2c00
5 4 0 5c2800
6 4 0 532509
0 5 0 5c2800
1 5 0 6d2c00
2 5 0 6d2c00
3 5 0 6d2c00
4 5 0 6d2c00
5 5 0 5c2800
6 5 0 5c2800
0 6 0 5c2800
1 6 0 6d2c00
2 6 0 6d2c00
3 6 0 6d2c00
4 6 0 6d2c00
5 6 0 5c2800
6 6 0 401e03
0 7 0 5c2800
1 7 0 5c2800
2 7 0 5c2800
3 7 0 5c2800
4 7 0 5c2800
5 7 0 4c1e02
6 7 0 5c2800
2 8 0 5c2800
3 8 0 5c2800
4 8 0 532509
5 8 0 5c2800
0 3 1 5c2800
1 3 1 5c2800
2 3 1 642e0c
3 3 1 495c1f
4 3 1 642e0c
5 3 1 532509
0 4 1 5c2800
3 4 1 532509
4 4 1 642e0c
5 4 1 532509
4 5 1 642e0c
5 5 1 5c2800
6 5 1 532509
0 6 1 5c2800
3 6 1 532509
4 6 1 532509
5 6 1 401e03
0 7 1 5c2800
1 7 1 5c2800
2 7 1 5c2800
3 7 1 5c2800
4 7 1 5c2800
5 7 1 532509
2 8 1 5c2800
3 8 1 532509
4 8 1 532509
5 8 1 532509
0 3 2 532509
1 3 2 6d2c00
2 3 2 642e0c
3 3 2 532509
0 4 2 532509
2 4 2 5c2800
3 4 2 532509
4 4 2 532509
4 5 2 532509
3 6 2 4c1e02
4 6 2 532509
0 7 2 5c2800
1 7 2 5c2800
2 7 2 5c2800
3 7 2 5c2800
4 7 2 5c2800
0 3 3 532509
1 3 3 4c1e02
2 3 3 5c2800
3 3 3 5c2800
4 3 3 532509
0 4 3 532509
4 4 3 532509
5 4 3 532509
4 5 3 532509
5 5 3 532509
0 6 3 5c2800
4 6 3 5c2800
5 6 3 5c2800
0 7 3 5c2800
1 7 3 5c2800
2 7 3 5c2800
3 7 3 532509
4 7 3 5c2800
1 0 4 5c2800
2 0 4 5c2800
3 0 4 5c2800
4 0 4 5c2800
5 0 4 5c2800
6 0 4 5c2800
1 1 4 5c2800
2 1 4 5c2800
3 1 4 5c2800
4 1 4 5c2800
5 1 4 4c1e02
6 1 4 5c2800
2 2 4 4c1e02
3 2 4 4c1e02
4 2 4 401e03
5 2 4 5c2800
6 2 4 5c2800
0 3 4 532509
1 3 4 4c1e02
2 3 4 5c2800
3 3 4 5c2800
4 3 4 4c1e02
5 3 4 4c1e02
0 4 4 532509
5 4 4 532509
0 5 4 5c2800
5 5 4 532509
0 6 4 5c2800
4 6 4 5c2800
5 6 4 532509
0 7 4 5c2800
1 7 4 5c2800
2 7 4 5c2800
3 7 4 5c2800
4 7 4 5c2800
5 7 4 5c2800
1 8 4 5c2800
2 8 4 5c2800
3 8 4 5c2800
0 0 5 5c2800
1 0 5 5c2800
2 0 5 5c2800
3 0 5 5c2800
5 0 5 5c2800
6 0 5 5c2800
7 0 5 5c2800
8 0 5 dc9905
0 1 5 532509
1 1 5 4c1e02
2 1 5 5c2800
3 1 5 5c2800
4 1 5 5c2800
5 1 5 4c1e02
6 1 5 5c2800
7 1 5 5c2800
8 1 5 e2a309
0 2 5 532509
1 2 5 4c1e02
2 2 5 401e03
3 2 5 4c1e02
4 2 5 4c1e02
5 2 5 5c2800
6 2 5 5c2800
7 2 5 5c2800
8 2 5 de9a16
0 3 5 401e03
1 3 5 4c1e02
2 3 5 4c1e02
3 3 5 4c1e02
4 3 5 532509
5 3 5 5c2800
6 3 5 5c2800
7 3 5 5c2800
0 4 5 532509
5 4 5 4c1e02
6 4 5 5c2800
7 4 5 5c2800
0 5 5 5c2800
5 5 5 532509
0 6 5 5c2800
5 6 5 532509
0 7 5 5c2800
1 7 5 5c2800
2 7 5 5c2800
3 7 5 5c2800
4 7 5 5c2800
5 7 5 532509
1 8 5 5c2800
2 8 5 5c2800
3 8 5 532509
4 8 5 5c2800
2 9 5 401e03
3 9 5 5c2800
4 9 5 5c2800
3 10 5 4c1e02
8 0 6 dc9905
9 0 6 dc9905
8 1 6 dc9905
9 1 6 dc9905
0 2 6 532509
8 2 6 dc9905
9 2 6 dc9905
0 3 6 5c2800
7 3 6 713a08
8 3 6 dc9905
9 3 6 dc9905
0 4 6 532509
5 4 6 5c2800
6 4 6 5c2800
7 4 6 865005
8 4 6 dc9905
0 5 6 5c2800
5 5 6 5c2800
6 5 6 5c2800
7 5 6 865005
0 6 6 5c2800
5 6 6 532509
6 6 6 5c2800
0 7 6 5c2800
1 7 6 532509
4 7 6 532509
5 7 6 532509
1 8 6 401e03
2 8 6 401e03
3 8 6 5c2800
4 8 6 532509
5 8 6 4c1e02
1 9 6 401e03
2 9 6 5c2800
3 9 6 5c2800
4 9 6 5c2800
5 9 6 532509
1 10 6 401e03
2 10 6 5c2800
3 10 6 5c2800
4 10 6 5c2800
5 10 6 4c1e02
1 11 6 401e03
2 11 6 5c2800
3 11 6 5c2800
4 11 6 5c2800
5 11 6 5c2800
2 12 6 401e03
3 12 6 5c2800
4 12 6 5c2800
9 0 7 dc9905
10 0 7 e2a309
9 1 7 dc9905
10 1 7 e2a309
9 2 7 dc9905
8 3 7 dc9905
9 3 7 dc9905
8 4 7 dc9905
9 4 7 e2a309
7 5 7 dc9905
8 5 7 dc9905
0 6 7 5c2800
5 6 7 532509
6 6 7 935703
7 6 7 dc9905
0 7 7 5c2800
1 7 7 5c2800
4 7 7 4c1e02
5 7 7 532509
6 7 7 ba7800
0 8 7 5c2800
1 8 7 5c2800
2 8 7 401e03
3 8 7 532509
4 8 7 4c1e02
5 8 7 401e03
1 9 7 532509
2 9 7 532509
5 9 7 532509
1 10 7 532509
2 10 7 5c2800
5 10 7 532509
1 11 7 5c2800
2 11 7 5c2800
4 11 7 5c2800
5 11 7 5c2800
1 12 7 532509
2 12 7 532509
3 12 7 401e03
4 12 7 5c2800
5 12 7 321803
10 0 8 e2a309
10 1 8 e5a714
10 2 8 e5a714
9 3 8 e2a309
10 3 8 e5a714
9 4 8 e2a309
8 5 8 e2a309
9 5 8 e2a309
6 6 8 dc9905
7 6 8 dc9905
8 6 8 e2a309
0 7 8 5c2800
5 7 8 e2a309
6 7 8 d29007
7 7 8 dc9905
0 8 8 5c2800
1 8 8 532509
2 8 8 401e03
4 8 8 401e03
5 8 8 401e03
1 9 8 532509
2 9 8 532509
5 9 8 532509
6 9 8 532509
1 10 8 5c2800
2 10 8 532509
5 10 8 532509
6 10 8 5c2800
1 11 8 5c2800
2 11 8 5c2800
5 11 8 532509
2 12 8 5c2800
3 12 8 5c2800
4 12 8 5c2800
5 12 8 5c2800
2 13 8 5c2800
3 13 8 5c2800
10 0 9 ecb114
10 1 9 ecb114
10 2 9 ecb114
10 3 9 ecb114
9 4 9 ecb114
8 5 9 e5a714
9 5 9 ecb114
7 6 9 e2a309
8 6 9 e2a309
0 7 9 532509
5 7 9 b07203
6 7 9 dc9905
7 7 9 e2a309
0 8 9 5c2800
1 8 9 401e03
2 8 9 401e03
5 8 9 401e03
1 9 9 532509
6 9 9 532509
1 10 9 5c2800
6 10 9 5c2800
1 11 9 5c2800
5 11 9 5c2800
6 11 9 5c2800
1 12 9 5c2800
2 12 9 5c2800
3 12 9 5c2800
4 12 9 5c2800
5 12 9 5c2800
2 13 9 5c2800
3 13 9 5c2800
4 13 9 5c2800
10 0 10 f3b81b
10 1 10 f3b81b
10 2 10 f3b81b
10 3 10 ecb114
9 4 10 ecb114
10 4 10 ecb114
8 5 10 ecb114
9 5 10 ecb114
7 6 10 e5a714
8 6 10 ecb114
0 7 10 5c2800
5 7 10 e2a309
6 7 10 e2a309
7 7 10 e2a309
0 8 10 532509
1 8 10 532509
5 8 10 401e03
0 9 10 5c2800
1 9 10 532509
6 9 10 5c2800
0 10 10 5c2800
6 10 10 532509
0 11 10 5c2800
5 11 10 5c2800
6 11 10 5c2800
0 12 10 5c2800
1 12 10 5c2800
2 12 10 532509
3 12 10 5c2800
4 12 10 5c2800
5 12 10 5c2800
2 13 10 532509
3 13 10 5c2800
4 13 10 5c2800
10 0 11 fcbe24
10 1 11 f3b81b
10 2 11 f3b81b
10 3 11 f3b81b
9 4 11 f3b81b
8 5 11 ecb114
9 5 11 f3b81b
7 6 11 ecb114
8 6 11 ecb114
0 7 11 5c2800
5 7 11 e5a714
6 7 11 e5a714
7 7 11 ecb114
0 8 11 5c2800
5 8 11 4c1e02
0 9 11 5c2800
6 9 11 5c2800
0 10 11 5c2800
6 10 11 4c1e02
0 11 11 5c2800
5 11 11 5c2800
0 12 11 5c2800
1 12 11 5c2800
2 12 11 5c2800
3 12 11 5c2800
4 12 11 5c2800
5 12 11 5c2800
2 13 11 5c2800
3 13 11 5c2800
10 0 12 fcbe24
10 1 12 fcbe24
9 2 12 fcbe24
10 2 12 fcbe24
9 3 12 fcbe24
8 4 12 f3b81b
9 4 12 f3b81b
7 5 12 ecb114
8 5 12 f3b81b
9 5 12 f3b81b
5 6 12 e2a309
6 6 12 e5a714
7 6 12 ecb114
8 6 12 ecb114
4 7 12 401e03
5 7 12 e2a309
6 7 12 e5a714
7 7 12 ecb114
0 8 12 5c2800
4 8 12 401e03
5 8 12 5c2800
0 9 12 5c2800
5 9 12 5c2800
6 9 12 5c2800
0 10 12 5c2800
5 10 12 5c2800
6 10 12 5c2800
0 11 12 5c2800
1 11 12 5c2800
4 11 12 5c2800
5 11 12 5c2800
0 12 12 5c2800
1 12 12 5c2800
2 12 12 5c2800
3 12 12 5c2800
4 12 12 5c2800
5 12 12 5c2800
2 13 12 5c2800
3 13 12 5c2800
9 0 13 fcbe24
10 0 13 fcbe24
9 1 13 fcbe24
10 1 13 fcbe24
8 2 13 f3b81b
9 2 13 fcbe24
7 3 13 dc9905
8 3 13 f3b81b
9 3 13 fcbe24
7 4 13 ecb114
8 4 13 f3b81b
9 4 13 f3b81b
6 5 13 ce7804
7 5 13 ecb114
8 5 13 f3b81b
5 6 13 e5a714
6 6 13 e5a714
7 6 13 ecb114
4 7 13 401e03
5 7 13 e2a309
0 8 13 5c2800
4 8 13 401e03
5 8 13 5c2800
0 9 13 5c2800
5 9 13 5c2800
0 10 13 5c2800
5 10 13 5c2800
0 11 13 5c2800
1 11 13 5c2800
4 11 13 5c2800
5 11 13 5c2800
0 12 13 5c2800
1 12 13 5c2800
2 12 13 5c2800
3 12 13 5c2800
4 12 13 5c2800
8 0 14 f3b81b
9 0 14 fcbe24
7 1 14 ba7800
8 1 14 f3b81b
9 1 14 fcbe24
7 2 14 ba7800
8 2 14 f3b81b
9 2 14 fcbe24
7 3 14 e2a309
8 3 14 f3b81b
7 4 14 e2a309
6 5 14 e2a309
5 6 14 dc9905
6 6 14 dc9905
4 7 14 401e03
5 7 14 dc9905
0 8 14 532509
5 8 14 532509
0 9 14 5c2800
5 9 14 532509
0 10 14 5c2800
4 10 14 5c2800
5 10 14 5c2800
0 11 14 5c2800
1 11 14 4c1e02
2 11 14 5c2800
3 11 14 5c2800
4 11 14 5c2800
1 12 14 5c2800
2 12 14 5c2800
3 12 14 5c2800
7 0 15 865005
8 0 15 ba7800
7 1 15 865005
8 1 15 ba7800
7 2 15 e2a309
8 2 15 e5a714
7 3 15 e2a309
6 4 15 e2a309
7 4 15 e2a309
6 5 15 e2a309
5 6 15 dc9905
6 6 15 e2a309
5 7 15 532509
0 8 15 532509
5 8 15 532509
0 9 15 5c2800
4 9 15 5c2800
5 9 15 532509
0 10 15 5c2800
3 10 15 5c2800
4 10 15 5c2800
0 11 15 5c2800
1 11 15 5c2800
2 11 15 5c2800
3 11 15 5c2800
4 11 15 5c2800
-18 -5 16 c96704
-18 -4 16 a73f03
-17 -4 16 973307
-17 -3 16 a13803
-19 -5 17 c96704
-18 -5 17 bf5f02
-19 -4 17 c96704
-18 -4 17 c96704
-17 -4 17 b45102
-17 -3 17 b45102
-19 -5 18 c96704
-18 -5 18 bf5f02
-19 -4 18 bf5f02
-18 -4 18 c96704
-17 -4 18 b45102
-17 -3 18 b45102
-19 -5 19 c96704
-18 -5 19 bf5f02
-19 -4 19 c96704
-18 -4 19 c96704
-17 -4 19 973307
-18 -3 19 bf5f02
-17 -3 19 a13803
-19 -5 20 ad4500
-18 -5 20 bf5f02
-19 -4 20 c96704
-18 -4 20 bf5f02
-17 -4 20 b45102
-17 -3 20 b45102
-18 -4 21 be5801
-17 -4 21 b45102
-3 -9 16 545c0a
-2 -9 16 532509
-1 -9 16 532509
-4 -8 16 545c0a
-3 -8 16 545c0a
-2 -8 16 532509
-1 -8 16 532509
-7 -7 16 60600a
-6 -7 16 45500a
-5 -7 16 60600a
-4 -7 16 60600a
-10 -6 16 45500a
-9 -6 16 545c0a
-8 -6 16 45500a
-7 -6 16 60600a
-13 -5 16 3d4b12
-12 -5 16 3d4b12
-11 -5 16 45500a
-10 -5 16 3d4b12
-9 -5 16 545c0a
-16 -4 16 8a2c03
-15 -4 16 782203
-14 -4 16 8a2c03
-13 -4 16 3d4b12
-12 -4 16 3d4b12
-16 -3 16 8a2c03
-15 -3 16 812504
-14 -3 16 83370f
-14 -2 16 8a2c03
-14 -1 16 3d4b12
-13 -1 16 3d4b12
-2 -9 17 532509
-1 -9 17 532509
-5 -8 17 3d4b12
-4 -8 17 45500a
-3 -8 17 45500a
-2 -8 17 532509
-1 -8 17 532509
-7 -7 17 45500a
-6 -7 17 2e4414
-5 -7 17 3d4b12
-4 -7 17 45500a
-10 -6 17 3d4b12
-9 -6 17 45500a
-8 -6 17 45500a
-7 -6 17 45500a
-12 -5 17 2e4414
-11 -5 17 2e4414
-10 -5 17 2e4414
-9 -5 17 45500a
-16 -4 17 a73f03
-15 -4 17 782203
-14 -4 17 8a2c03
-13 -4 17 2e4414
-12 -4 17 2e4414
-16 -3 17 a73f03
-15 -3 17 812504
-14 -3 17 8a2c03
-14 -2 17 8a2c03
-13 -2 17 2e4414
-13 -1 17 2e4414
-12 -1 17 1f3812
-2 -9 18 401e03
-1 -9 18 532509
-4 -8 18 2e4414
-3 -8 18 1f3812
-2 -8 18 532509
-1 -8 18 532509
-7 -7 18 2e4414
-6 -7 18 3d4b12
-5 -7 18 2e4414
-4 -7 18 3d4b12
-9 -6 18 2e4414
-8 -6 18 1f3812
-7 -6 18 2e4414
-6 -6 18 3d4b12
-11 -5 18 2e4414
-10 -5 18 2e4414
-9 -5 18 2e4414
-8 -5 18 1f3812
-16 -4 18 a73f03
-15 -4 18 782203
-14 -4 18 8a2c03
-13 -4 18 6d2c00
-12 -4 18 1f3812
-11 -4 18 2e4414
-10 -4 18 2e4414
-16 -3 18 a73f03
-15 -3 18 812504
-14 -3 18 8a2c03
-13 -3 18 812504
-12 -3 18 313511
-11 -3 18 1c3921
-14 -2 18 8a2c03
-13 -2 18 242f07
-12 -2 18 1f3812
-11 -2 18 1f3812
-13 -1 18 1f3812
-12 -1 18 1f3812
-11 -1 18 1f3812
-4 -8 19 2e4414
-3 -8 19 22441b
-2 -8 19 532509
-1 -8 19 401e03
-7 -7 19 1f3812
-6 -7 19 2e4414
-5 -7 19 1c3921
-4 -7 19 22441b
-8 -6 19 2e4414
-7 -6 19 2e4414
-6 -6 19 1f3812
-10 -5 19 2e4414
-9 -5 19 1f3812
-8 -5 19 1c3921
-16 -4 19 ad4500
-15 -4 19 a13803
-14 -4 19 913203
-11 -4 19 1f3812
-10 -4 19 1f3812
-9 -4 19 1f3812
-16 -3 19 a73f03
-15 -3 19 913203
-14 -3 19 913203
-12 -3 19 1f3812
-11 -3 19 1c3921
-10 -3 19 1c3921
-12 -2 19 1f3812
-11 -2 19 1f3812
-10 -2 19 1f3812
-11 -1 19 1f3812
-10 -1 19 1f3812
-4 -8 20 22441b
-3 -8 20 22441b
-2 -8 20 123119
-1 -8 20 532509
-6 -7 20 22441b
-5 -7 20 22441b
-4 -7 20 22441b
-3 -7 20 22441b
-2 -7 20 123119
-8 -6 20 1c3921
-7 -6 20 1f3812
-6 -6 20 22441b
-9 -5 20 1f3812
-8 -5 20 1c3921
-7 -5 20 1c3921
-16 -4 20 a73f03
-10 -4 20 1f3812
-9 -4 20 1f3812
-16 -3 20 a73f03
-10 -3 20 1c3921
-9 -3 20 1c3921
-10 -2 20 1c3921
-9 -2 20 1c3921
-10 -1 20 123119
-2 -8 21 1c3921
-1 -8 21 123119
-6 -7 21 22441b
-5 -7 21 22441b
-4 -7 21 1c3921
-3 -7 21 123119
-2 -7 21 123119
-1 -7 21 123119
-7 -6 21 1c3921
-6 -6 21 1c3921
-5 -6 21 1c3921
-8 -5 21 1c3921
-7 -5 21 1c3921
-9 -4 21 1c3921
-8 -4 21 1c3921
-11 -3 21 af4b04
-10 -3 21 532509
-9 -3 21 1c3921
-8 -3 21 1c3921
-10 -2 21 973307
-9 -2 21 1c3921
-9 -1 21 123119
-1 -8 22 123119
-4 -7 22 1c3921
-3 -7 22 1c3921
-2 -7 22 123119
-1 -7 22 1c3921
-7 -6 22 1c3921
-6 -6 22 1c3921
-5 -6 22 123119
-4 -6 22 1c3921
-3 -6 22 1c3921
-8 -5 22 1c3921
-7 -5 22 1c3921
-6 -5 22 1c3921
-12 -4 22 983a06
-11 -4 22 af4b04
-10 -4 22 973307
-8 -4 22 1c3921
-7 -4 22 1c3921
-12 -3 22 b45102
-11 -3 22 af4b04
-10 -3 22 913203
-9 -3 22 887368
-8 -3 22 1c3921
-11 -2 22 ad4500
-10 -2 22 973307
-9 -2 22 83370f
-8 -2 22 123119
-9 -1 22 123119
-8 -1 22 123119
-3 -7 23 123119
-2 -7 23 123119
-1 -7 23 123119
-5 -6 23 1c3921
-4 -6 23 1c3921
-3 -6 23 123119
-2 -6 23 123119
-1 -6 23 1c3921
-7 -5 23 1c3921
-6 -5 23 1c3921
-5 -5 23 123119
-12 -4 23 be5801
-11 -4 23 ad4500
-10 -4 23 983a06
-7 -4 23 1c3921
-6 -4 23 1c3921
-12 -3 23 be5801
-11 -3 23 b45102
-10 -3 23 973307
-9 -3 23 8a2c03
-8 -3 23 812504
-7 -3 23 1c3921
-11 -2 23 af4b04
-10 -2 23 a13803
-9 -2 23 8a2c03
-8 -2 23 812504
-7 -2 23 1c3921
-8 -1 23 123119
-7 -1 23 123119
-1 -7 24 0d3b1e
-4 -6 24 1c3921
-3 -6 24 1c3921
-2 -6 24 123119
-1 -6 24 123119
-6 -5 24 1c3921
-5 -5 24 1c3921
-4 -5 24 1c3921
-3 -5 24 1c3921
-12 -4 24 be5801
-11 -4 24 af4b04
-10 -4 24 983a06
-6 -4 24 1c3921
-5 -4 24 1c3921
-12 -3 24 bf5f02
-11 -3 24 b45102
-10 -3 24 913203
-9 -3 24 6e2102
-8 -3 24 8a2c03
-7 -3 24 812504
-6 -3 24 123119
-11 -2 24 ad4500
-10 -2 24 983a06
-9 -2 24 782203
-8 -2 24 8a2c03
-7 -2 24 1c3921
-6 -2 24 1c3921
-7 -1 24 123119
-6 -1 24 123119
-3 -6 25 0d3b1e
-2 -6 25 1c3921
-1 -6 25 1c3921
-5 -5 25 1c3921
-4 -5 25 0d3b1e
-3 -5 25 123119
-2 -5 25 123119
-1 -5 25 0d3b1e
-12 -4 25 bf5f02
-11 -4 25 b45102
-10 -4 25 ad4500
-6 -4 25 123119
-5 -4 25 1c3921
-4 -4 25 0d3b1e
-3 -4 25 0d3b1e
-12 -3 25 c96704
-11 -3 25 bf5f02
-10 -3 25 a73f03
-9 -3 25 973307
-8 -3 25 8a2c03
-7 -3 25 812504
-6 -3 25 812504
-5 -3 25 123119
-11 -2 25 be5801
-10 -2 25 ad4500
-9 -2 25 973307
-8 -2 25 8a2c03
-7 -2 25 812504
-6 -2 25 782203
-5 -2 25 782203
-7 -1 25 812504
-6 -1 25 123119
-5 -1 25 123119
-1 -6 26 123119
-3 -5 26 0d3b1e
-2 -5 26 123119
-1 -5 26 0d3b1e
-12 -4 26 ce7804
-11 -4 26 be5801
-10 -4 26 af4b04
-4 -4 26 123119
-3 -4 26 0d3b1e
-2 -4 26 123119
-12 -3 26 ce7804
-11 -3 26 bf5f02
-10 -3 26 a73f03
-9 -3 26 913203
-8 -3 26 973307
-7 -3 26 8a2c03
-6 -3 26 6e2102
-5 -3 26 812504
-4 -3 26 0d3b1e
-3 -3 26 123119
-11 -2 26 bf5f02
-10 -2 26 af4b04
-9 -2 26 8a2c03
-8 -2 26 913203
-7 -2 26 8a2c03
-6 -2 26 6e2102
-5 -2 26 782203
-4 -2 26 782203
-7 -1 26 8a2c03
-6 -1 26 6e2102
-5 -1 26 123119
-4 -1 26 0d3b1e
-1 -5 27 0d3b1e
-10 -4 27 bf5f02
-3 -4 27 0d3b1e
-2 -4 27 123119
-1 -4 27 0d3b1e
-11 -3 27 ce7804
-10 -3 27 bf5f02
-9 -3 27 af4b04
-8 -3 27 a13803
-7 -3 27 782203
-6 -3 27 913203
-5 -3 27 6e2102
-3 -3 27 123119
-2 -3 27 0d3b1e
-1 -3 27 0d3b1e
-11 -2 27 c96704
-10 -2 27 bf5f02
-9 -2 27 b45102
-8 -2 27 a73f03
-7 -2 27 812504
-6 -2 27 913203
-5 -2 27 6e2102
-4 -2 27 812504
-3 -2 27 532509
-2 -2 27 0d3b1e
-7 -1 27 913203
-6 -1 27 913203
-5 -1 27 6e2102
-4 -1 27 6d2c00
-3 -1 27 0d3b1e
-2 -1 27 123119
-1 -4 28 0d3b1e
-11 -3 28 ce7804
-10 -3 28 bf5f02
-9 -3 28 a13803
-8 -3 28 b45102
-7 -3 28 a73f03
-6 -3 28 8a2c03
-5 -3 28 913203
-2 -3 28 0d3b1e
-1 -3 28 0d3b1e
-10 -2 28 c96704
-9 -2 28 a73f03
-8 -2 28 b45102
-7 -2 28 af4b04
-6 -2 28 8a2c03
-5 -2 28 913203
-4 -2 28 812504
-3 -2 28 782203
-2 -2 28 0d3b1e
-1 -2 28 123119
-7 -1 28 ad4500
-6 -1 28 8a2c03
-5 -1 28 913203
-4 -1 28 782203
-3 -1 28 123119
-2 -1 28 123119
-1 -1 28 0d3b1e
-10 -3 29 c96704
-9 -3 29 bf5f02
-8 -3 29 be5801
-7 -3 29 913203
-6 -3 29 a73f03
-10 -2 29 ce7804
-9 -2 29 c96704
-8 -2 29 bf5f02
-7 -2 29 a13803
-6 -2 29 af4b04
-5 -2 29 973307
-4 -2 29 812504
-6 -1 29 ad4500
-5 -1 29 913203
-9 -3 30 c96704
-8 -3 30 bf5f02
-7 -3 30 be5801
-6 -3 30 ad4500
-9 -2 30 b45102
-8 -2 30 c96704
-7 -2 30 be5801
-6 -2 30 a13803
-9 -3 31 c96704
-8 -3 31 c96704
-8 -2 31 bf5f02
-7 -2 31 b45102
0 -12 16 5c2800
1 -12 16 5c2800
2 -12 16 5c2800
0 -11 16 5c2800
1 -11 16 5c2800
2 -11 16 5c2800
3 -11 16 5c2800
4 -11 16 5c2800
0 -10 16 5c2800
3 -10 16 5c2800
4 -10 16 5c2800
4 -9 16 532509
5 -9 16 532509
5 -8 16 321803
5 -7 16 dc9905
5 -6 16 ba7800
6 -6 16 d29007
7 -6 16 d29007
5 -5 16 865005
6 -5 16 935703
7 -5 16 dc9905
8 -5 16 dc9905
6 -4 16 865005
7 -4 16 7e4106
8 -4 16 dc9905
9 -4 16 dc9905
7 -3 16 865005
8 -3 16 dc9905
9 -3 16 dc9905
10 -3 16 dc9905
7 -2 16 9f6207
8 -2 16 dc9905
9 -2 16 dc9905
10 -2 16 dc9905
7 -1 16 865005
8 -1 16 dc9905
9 -1 16 dc9905
10 -1 16 dc9905
0 -11 17 5c2800
1 -11 17 5c2800
2 -11 17 5c2800
3 -11 17 5c2800
0 -10 17 532509
1 -10 17 5c2800
2 -10 17 5c2800
3 -10 17 5c2800
4 -10 17 532509
0 -9 17 532509
4 -9 17 532509
0 -8 17 532509
5 -8 17 532509
4 -7 17 401e03
5 -7 17 c49002
6 -7 17 d29007
7 -7 17 d29007
8 -7 17 d29007
5 -6 17 865005
6 -6 17 d29007
7 -6 17 d29007
8 -6 17 d29007
9 -6 17 dc9905
6 -5 17 7e4106
7 -5 17 d29007
8 -5 17 dc9905
9 -5 17 dc9905
10 -5 17 dc9905
9 -4 17 dc9905
10 -4 17 dc9905
9 -3 17 dc9905
10 -3 17 dc9905
11 -3 17 e2a309
10 -2 17 e5a714
11 -2 17 e2a309
10 -1 17 e5a714
11 -1 17 e2a309
0 -10 18 532509
1 -10 18 532509
2 -10 18 5c2800
3 -10 18 5c2800
0 -9 18 532509
2 -9 18 532509
3 -9 18 532509
4 -9 18 5c2800
0 -8 18 532509
4 -8 18 4c1e02
5 -8 18 b98601
6 -8 18 c49002
7 -8 18 c49002
4 -7 18 4a2d10
5 -7 18 c49002
6 -7 18 c49002
7 -7 18 c49002
8 -7 18 e2a309
9 -7 18 ba7800
8 -6 18 d29007
9 -6 18 ba7800
10 -6 18 ba7800
8 -5 18 812504
9 -5 18 dc9905
10 -5 18 e2a309
11 -5 18 d29007
7 -4 18 2a180c
8 -4 18 713a08
9 -4 18 6e571f
10 -4 18 e2a309
11 -4 18 e2a309
7 -3 18 0d2a05
8 -3 18 a7671f
9 -3 18 973307
11 -3 18 e2a309
7 -2 18 411f11
8 -2 18 ecb114
9 -2 18 973307
11 -2 18 e5a714
7 -1 18 123119
8 -1 18 e2a309
9 -1 18 a25220
11 -1 18 e5a714
12 -1 18 e5a714
0 -10 19 532509
1 -10 19 532509
2 -10 19 532509
0 -9 19 532509
1 -9 19 532509
2 -9 19 532509
3 -9 19 532509
4 -9 19 4c1e02
0 -8 19 532509
3 -8 19 926f05
4 -8 19 9f7703
5 -8 19 af7e04
6 -8 19 af7e04
7 -8 19 af7e04
7 -7 19 b98601
8 -7 19 b98601
9 -7 19 b07203
9 -6 19 713a08
10 -6 19 d29007
8 -5 19 798fae
9 -5 19 642e0c
10 -5 19 d29007
11 -5 19 c49002
7 -4 19 411f11
8 -4 19 411f11
9 -4 19 556933
10 -4 19 437639
11 -4 19 c68301
12 -4 19 c68301
7 -3 19 2e211c
9 -3 19 9e3816
10 -3 19 498140
11 -3 19 e2a309
12 -3 19 c68301
7 -2 19 213545
9 -2 19 9e3816
10 -2 19 548749
12 -2 19 c68301
7 -1 19 3f271f
9 -1 19 aa5b2b
10 -1 19 ad693b
12 -1 19 d29007
0 -9 20 532509
1 -9 20 532509
2 -9 20 532509
3 -9 20 574a03
4 -9 20 6d6806
0 -8 20 401e03
1 -8 20 532509
2 -8 20 574a03
3 -8 20 60600a
4 -8 20 6d6806
5 -8 20 7e6e0b
6 -8 20 817500
7 -8 20 817500
8 -8 20 817500
7 -7 20 817500
8 -7 20 817500
9 -7 20 d29007
10 -7 20 d29007
9 -6 20 321803
10 -6 20 ba7800
8 -5 20 898e8a
9 -5 20 321803
10 -5 20 6d2c00
11 -5 20 ba7800
8 -4 20 4c1e02
10 -4 20 357126
11 -4 20 dc9905
7 -3 20 401e03
8 -3 20 4c1e02
10 -3 20 498140
11 -3 20 d35e02
12 -3 20 e2a309
7 -2 20 413738
8 -2 20 635558
10 -2 20 548749
11 -2 20 fb7e02
12 -2 20 e2a309
7 -1 20 401e03
8 -1 20 401e03
10 -1 20 5d9353
11 -1 20 e06705
12 -1 20 e2a309
3 -9 21 45500a
4 -9 21 545c0a
0 -8 21 532509
1 -8 21 532509
2 -8 21 45500a
3 -8 21 545c0a
4 -8 21 545c0a
5 -8 21 60600a
6 -8 21 60600a
7 -8 21 6d6806
0 -7 21 401e03
1 -7 21 401e03
7 -7 21 60600a
8 -7 21 60600a
9 -7 21 60600a
9 -6 21 60600a
10 -6 21 d29007
11 -6 21 c49002
9 -5 21 321803
10 -5 21 642e0c
11 -5 21 ba7800
8 -4 21 4c1e02
9 -4 21 321803
10 -4 21 342010
11 -4 21 ba7800
12 -4 21 ba7800
8 -3 21 401e03
9 -3 21 230c00
10 -3 21 321803
11 -3 21 ba7800
12 -3 21 ba7800
8 -2 21 401e03
9 -2 21 160500
10 -2 21 532509
11 -2 21 ce7804
12 -2 21 ce7804
8 -1 21 401e03
9 -1 21 230c00
10 -1 21 401e03
11 -1 21 b96907
12 -1 21 ce7804
0 -8 22 102215
1 -8 22 3e4200
2 -8 22 3d4b12
3 -8 22 45500a
4 -8 22 45500a
5 -8 22 545c0a
6 -8 22 545c0a
7 -8 22 2c3c05
0 -7 22 102215
1 -7 22 401e03
6 -7 22 8a7f0f
7 -7 22 c3a620
8 -7 22 686a27
9 -7 22 1f3812
8 -6 22 cfb231
9 -6 22 555b29
10 -6 22 45500a
10 -5 22 3d4b12
11 -5 22 d29007
11 -4 22 22480b
12 -4 22 d29007
9 -3 22 230c00
10 -3 22 321803
11 -3 22 22480b
12 -3 22 dc9905
9 -2 22 4c1e02
10 -2 22 4c1e02
11 -2 22 ce7804
12 -2 22 ba7800
9 -1 22 420900
10 -1 22 321803
11 -1 22 5c2800
12 -1 22 ba7800
1 -8 23 3d4b12
2 -8 23 325110
3 -8 23 3d4b12
4 -8 23 45500a
5 -8 23 45500a
6 -8 23 545c0a
0 -7 23 123119
1 -7 23 2e4414
2 -7 23 325110
5 -7 23 9e8503
6 -7 23 b29c1b
7 -7 23 fbde5a
8 -7 23 040905
9 -7 23 fbde5a
8 -6 23 fbde5a
9 -6 23 fbde5a
10 -6 23 3d4b12
9 -5 23 fbde5a
10 -5 23 415b10
11 -5 23 3d4b12
11 -4 23 415b10
11 -3 23 45500a
12 -3 23 d29007
11 -2 23 45500a
12 -2 23 1f3812
12 -1 23 134008
2 -8 24 325110
3 -8 24 325110
4 -8 24 325110
5 -8 24 415b10
0 -7 24 123119
1 -7 24 325110
2 -7 24 325110
3 -7 24 325110
4 -7 24 3d4b12
5 -7 24 414f22
6 -7 24 fbde5a
7 -7 24 0d1308
8 -7 24 0d1308
9 -7 24 040905
0 -6 24 123119
1 -6 24 102215
5 -6 24 a59111
8 -6 24 0d1308
9 -6 24 eed559
9 -5 24 dcc333
10 -5 24 415b10
10 -4 24 415b10
11 -4 24 415b10
11 -3 24 45660b
11 -2 24 45660b
12 -2 24 171a0b
11 -1 24 517207
12 -1 24 45660b
1 -7 25 325110
2 -7 25 325110
3 -7 25 325110
4 -7 25 325110
5 -7 25 102215
6 -7 25 fbde5a
7 -7 25 0d1308
8 -7 25 040905
0 -6 25 102215
1 -6 25 123119
2 -6 25 325110
5 -6 25 a59111
6 -6 25 fbde5a
7 -6 25 313511
8 -6 25 0d1308
9 -6 25 eed559
0 -5 25 123119
9 -5 25 f6dc46
10 -5 25 415b10
9 -4 25 415b10
10 -4 25 415b10
10 -3 25 415b10
11 -3 25 45660b
11 -2 25 45660b
11 -1 25 45660b
2 -7 26 325110
3 -7 26 325110
4 -7 26 325110
5 -7 26 325110
0 -6 26 102215
1 -6 26 123119
2 -6 26 325110
3 -6 26 325110
4 -6 26 325110
5 -6 26 102215
6 -6 26 a59111
7 -6 26 fbde5a
8 -6 26 fbde5a
0 -5 26 123119
1 -5 26 123119
2 -5 26 123119
6 -5 26 45500a
7 -5 26 0d2a05
8 -5 26 c3a620
9 -5 26 0d2a05
8 -4 26 b3a916
9 -4 26 415b10
10 -4 26 415b10
9 -3 26 415b10
10 -3 26 415b10
9 -2 26 415b10
10 -2 26 45660b
10 -1 26 45660b
2 -6 27 325110
3 -6 27 325110
4 -6 27 325110
5 -6 27 325110
6 -6 27 2e4414
0 -5 27 123119
1 -5 27 123119
2 -5 27 123119
3 -5 27 1f3812
4 -5 27 325110
5 -5 27 325110
6 -5 27 325110
7 -5 27 2e4414
8 -5 27 2c3c05
0 -4 27 123119
1 -4 27 123119
2 -4 27 123119
3 -4 27 123119
4 -4 27 1f3812
6 -4 27 325110
7 -4 27 415b10
8 -4 27 415b10
9 -4 27 415b10
7 -3 27 415b10
8 -3 27 415b10
9 -3 27 415b10
8 -2 27 415b10
9 -2 27 415b10
10 -2 27 45660b
8 -1 27 415b10
9 -1 27 415b10
10 -1 27 45660b
3 -5 28 1c3921
4 -5 28 325110
5 -5 28 325110
6 -5 28 325110
0 -4 28 123119
1 -4 28 123119
2 -4 28 123119
3 -4 28 0d3b1e
4 -4 28 1f3812
5 -4 28 325110
6 -4 28 325110
7 -4 28 325110
0 -3 28 0d3b1e
1 -3 28 123119
2 -3 28 123119
3 -3 28 1c3921
4 -3 28 1c3921
5 -3 28 1f3812
6 -3 28 325110
7 -3 28 325110
8 -3 28 415b10
0 -2 28 0d3b1e
1 -2 28 0d3b1e
2 -2 28 1c3921
3 -2 28 0d3b1e
4 -2 28 123119
5 -2 28 1f3812
6 -2 28 1f3812
7 -2 28 22441b
8 -2 28 415b10
0 -1 28 0d3b1e
1 -1 28 0d3b1e
5 -1 28 1f3812
6 -1 28 22441b
7 -1 28 22441b
8 -1 28 415b10
2 -3 29 1c3921
3 -3 29 1c3921
4 -3 29 1c3921
0 -2 29 0d3b1e
1 -2 29 0d3b1e
2 -2 29 1c3921
3 -2 29 1c3921
4 -2 29 0d3b1e
5 -2 29 1f3812
6 -2 29 1f3812
0 -1 29 0d3b1e
1 -1 29 0d3b1e
2 -1 29 0d3b1e
3 -1 29 0d3b1e
4 -1 29 1c3921
5 -1 29 123119
6 -1 29 22441b
-13 0 16 3d4b12
-12 0 16 45500a
-11 0 16 45500a
-12 1 16 45500a
-11 1 16 45500a
-10 1 16 3d4b12
-10 2 16 45500a
-9 2 16 545c0a
-9 3 16 545c0a
-8 3 16 45500a
-8 4 16 545c0a
-7 4 16 545c0a
-7 5 16 60600a
-6 5 16 545c0a
-6 6 16 545c0a
-5 6 16 60600a
-4 6 16 60600a
-4 7 16 545c0a
-3 7 16 45500a
-2 7 16 532509
-3 8 16 3e4200
-2 8 16 532509
-1 8 16 532509
-12 0 17 2e4414
-11 0 17 2e4414
-11 1 17 2e4414
-10 1 17 2e4414
-10 2 17 2e4414
-9 2 17 3d4b12
-9 3 17 3d4b12
-8 3 17 3d4b12
-8 4 17 3d4b12
-7 4 17 2e4414
-7 5 17 3d4b12
-6 5 17 3d4b12
-6 6 17 3d4b12
-5 6 17 45500a
-4 6 17 45500a
-5 7 17 45500a
-4 7 17 45500a
-3 7 17 3d4b12
-2 7 17 532509
-1 7 17 5c2800
-2 8 17 532509
-1 8 17 5c2800
-12 0 18 2e4414
-11 0 18 1f3812
-11 1 18 2e4414
-10 1 18 2e4414
-10 2 18 2e4414
-9 2 18 1f3812
-9 3 18 2e4414
-8 3 18 2e4414
-8 4 18 2e4414
-7 4 18 2e4414
-7 5 18 2e4414
-6 5 18 2e4414
-6 6 18 2e4414
-5 6 18 3d4b12
-4 6 18 2e4414
-5 7 18 3d4b12
-4 7 18 2e4414
-3 7 18 1f3812
-2 7 18 532509
-1 7 18 532509
-2 8 18 532509
-1 8 18 532509
-11 0 19 1f3812
-10 0 19 1f3812
-10 1 19 1f3812
-9 1 19 1f3812
-9 2 19 1f3812
-9 3 19 123119
-8 3 19 1c3921
-8 4 19 1c3921
-7 4 19 2e4414
-7 5 19 1f3812
-6 5 19 1f3812
-6 6 19 22441b
-5 6 19 1f3812
-4 6 19 1f3812
-4 7 19 22441b
-3 7 19 22441b
-2 7 19 1c3921
-1 7 19 532509
-10 0 20 1c3921
-9 0 20 123119
-9 1 20 1c3921
-9 2 20 123119
-8 2 20 1c3921
-8 3 20 1c3921
-8 4 20 1c3921
-7 4 20 1c3921
-6 4 20 1c3921
-7 5 20 1c3921
-6 5 20 22441b
-5 5 20 22441b
-5 6 20 22441b
-4 6 20 123119
-3 6 20 22441b
-4 7 20 22441b
-3 7 20 22441b
-2 7 20 1c3921
-1 7 20 123119
-9 0 21 123119
-9 1 21 1c3921
-8 1 21 1c3921
-9 2 21 123119
-8 2 21 123119
-8 3 21 123119
-7 3 21 1c3921
-7 4 21 1c3921
-6 4 21 1c3921
-6 5 21 1c3921
-5 5 21 1c3921
-5 6 21 1c3921
-4 6 21 123119
-3 6 21 123119
-2 6 21 123119
-1 6 21 1c3921
-3 7 21 1c3921
-2 7 21 123119
-1 7 21 1c3921
-9 0 22 123119
-8 0 22 123119
-8 1 22 1c3921
-8 2 22 1c3921
-7 2 22 1c3921
-8 3 22 1c3921
-7 3 22 1c3921
-7 4 22 1c3921
-6 4 22 1c3921
-5 4 22 1c3921
-6 5 22 1c3921
-5 5 22 123119
-4 5 22 1c3921
-4 6 22 1c3921
-3 6 22 1c3921
-2 6 22 1c3921
-1 6 22 1c3921
-1 7 22 1c3921
-8 0 23 123119
-7 0 23 123119
-8 1 23 123119
-7 1 23 1c3921
-7 2 23 1c3921
-7 3 23 1c3921
-6 3 23 1c3921
-6 4 23 1c3921
-5 4 23 1c3921
-5 5 23 0d3b1e
-4 5 23 1c3921
-3 5 23 1c3921
-2 5 23 123119
-3 6 23 123119
-2 6 23 123119
-1 6 23 0d3b1e
-7 0 24 123119
-6 0 24 123119
-7 1 24 1c3921
-6 1 24 123119
-7 2 24 1c3921
-6 2 24 123119
-6 3 24 1c3921
-5 3 24 0d3b1e
-5 4 24 1c3921
-4 4 24 0d3b1e
-3 4 24 0d3b1e
-4 5 24 1c3921
-3 5 24 0d3b1e
-2 5 24 123119
-1 5 24 1c3921
-2 6 24 123119
-1 6 24 0d3b1e
-6 0 25 123119
-5 0 25 123119
-6 1 25 123119
-5 1 25 0d3b1e
-6 2 25 1c3921
-5 2 25 0d3b1e
-5 3 25 0d3b1e
-4 3 25 0d3b1e
-4 4 25 0d3b1e
-3 4 25 0d3b1e
-2 4 25 0d3b1e
-1 4 25 1c3921
-3 5 25 0d3b1e
-2 5 25 0d3b1e
-1 5 25 1c3921
-6 0 26 123119
-5 0 26 123119
-4 0 26 123119
-5 1 26 0d3b1e
-4 1 26 0d3b1e
-5 2 26 0d3b1e
-4 2 26 0d3b1e
-3 2 26 0d3b1e
-4 3 26 0d3b1e
-3 3 26 123119
-2 3 26 0d3b1e
-3 4 26 0d3b1e
-2 4 26 0d3b1e
-1 4 26 1c3921
-1 5 26 0d3b1e
-4 0 27 123119
-3 0 27 0d3b1e
-2 0 27 0d3b1e
-4 1 27 0d3b1e
-3 1 27 123119
-2 1 27 123119
-4 2 27 123119
-3 2 27 0d3b1e
-2 2 27 0d3b1e
-1 2 27 0d3b1e
-3 3 27 0d3b1e
-2 3 27 0d3b1e
-1 3 27 123119
-1 4 27 0d3b1e
-3 0 28 123119
-2 0 28 0d3b1e
-1 0 28 123119
-2 1 28 0d3b1e
-1 1 28 0d3b1e
-2 2 28 0d3b1e
-1 2 28 0d3b1e
-1 3 28 123119
7 0 16 865005
8 0 16 dc9905
9 0 16 dc9905
10 0 16 dc9905
7 1 16 9f6207
8 1 16 dc9905
9 1 16 dc9905
10 1 16 dc9905
7 2 16 6f510e
8 2 16 dc9905
9 2 16 dc9905
10 2 16 dc9905
6 3 16 865005
7 3 16 865005
8 3 16 dc9905
9 3 16 dc9905
5 4 16 935703
6 4 16 935703
7 4 16 dc9905
8 4 16 d29007
5 5 16 b07203
6 5 16 ba7800
7 5 16 d29007
5 6 16 4c1e02
5 7 16 532509
5 8 16 532509
0 9 16 532509
3 9 16 5c2800
4 9 16 5c2800
0 10 16 5c2800
1 10 16 5c2800
2 10 16 5c2800
3 10 16 5c2800
4 10 16 5c2800
0 11 16 5c2800
1 11 16 5c2800
2 11 16 5c2800
3 11 16 5c2800
10 0 17 e5a714
11 0 17 e5a714
10 1 17 e2a309
11 1 17 e5a714
9 2 17 dc9905
10 2 17 dc9905
11 2 17 e2a309
9 3 17 dc9905
10 3 17 dc9905
7 4 17 d29007
8 4 17 dc9905
9 4 17 dc9905
10 4 17 dc9905
5 5 17 865005
6 5 17 d29007
7 5 17 d29007
8 5 17 d29007
9 5 17 dc9905
4 6 17 401e03
5 6 17 d29007
6 6 17 d29007
7 6 17 d29007
8 6 17 d29007
0 7 17 532509
5 7 17 532509
0 8 17 532509
4 8 17 532509
0 9 17 532509
1 9 17 5c2800
2 9 17 5c2800
3 9 17 5c2800
4 9 17 5c2800
0 10 17 5c2800
1 10 17 5c2800
2 10 17 5c2800
3 10 17 5c2800
7 0 18 102215
8 0 18 e5a714
9 0 18 936626
11 0 18 e5a714
12 0 18 e5a714
7 1 18 d29007
8 1 18 e5a714
9 1 18 b15e1f
11 1 18 e5a714
12 1 18 e5a714
7 2 18 d29007
8 2 18 e2a309
9 2 18 a25220
11 2 18 e2a309
7 3 18 d29007
8 3 18 e2a309
9 3 18 a84515
10 3 18 e2a309
11 3 18 e2a309
8 4 18 642e0c
9 4 18 dc9905
10 4 18 e2a309
11 4 18 dc9905
8 5 18 dc9905
9 5 18 ba7800
10 5 18 b98601
4 6 18 401e03
5 6 18 d29007
6 6 18 d29007
7 6 18 c49002
8 6 18 dc9905
9 6 18 ba7800
0 7 18 532509
4 7 18 4c1e02
5 7 18 c49002
6 7 18 c49002
7 7 18 c49002
0 8 18 532509
3 8 18 532509
4 8 18 532509
0 9 18 5c2800
1 9 18 5c2800
2 9 18 5c2800
3 9 18 5c2800
7 0 19 313028
9 0 19 9d7130
10 0 19 a37442
12 0 19 d29007
7 1 19 2c4b5e
9 1 19 b96229
10 1 19 78411a
12 1 19 c68301
7 2 19 1e1a17
9 2 19 78411a
10 2 19 642e0c
11 2 19 dc9905
12 2 19 c68301
7 3 19 d29007
8 3 19 e2a309
9 3 19 713a08
10 3 19 532509
11 3 19 d29007
12 3 19 c68301
8 4 19 411f11
9 4 19 935703
10 4 19 d29007
11 4 19 d29007
9 5 19 6d2c00
10 5 19 d29007
7 6 19 b98601
8 6 19 c49002
9 6 19 ba7800
0 7 19 532509
3 7 19 9f7703
4 7 19 af7e04
5 7 19 b98601
6 7 19 b98601
7 7 19 b98601
8 7 19 af7e04
0 8 19 532509
1 8 19 532509
2 8 19 532509
3 8 19 532509
4 8 19 4c1e02
0 9 19 532509
1 9 19 5c2800
2 9 19 532509
7 0 20 321803
8 0 20 401e03
10 0 20 7d4e2c
11 0 20 d35e02
12 0 20 e2a309
7 1 20 494b43
8 1 20 61677c
10 1 20 78411a
11 1 20 f07400
12 1 20 e2a309
7 2 20 401e03
8 2 20 4c1e02
10 2 20 642e0c
11 2 20 e06705
12 2 20 e2a309
8 3 20 532509
10 3 20 532509
11 3 20 a55100
8 4 20 9e8f7f
9 4 20 5c2800
10 4 20 b07203
11 4 20 c68301
9 5 20 4c1e02
10 5 20 b98601
11 5 20 ba7800
7 6 20 947c03
8 6 20 947c03
9 6 20 d29007
10 6 20 d29007
0 7 20 532509
1 7 20 532509
2 7 20 563d01
3 7 20 7e6e0b
4 7 20 817500
5 7 20 926f05
6 7 20 947c03
7 7 20 947c03
8 7 20 947c03
0 8 20 532509
1 8 20 532509
2 8 20 532509
3 8 20 694701
4 8 20 817500
5 8 20 817500
8 0 21 401e03
9 0 21 420900
10 0 21 2a180c
11 0 21 713a08
12 0 21 ce7804
8 1 21 401e03
9 1 21 5c2800
10 1 21 642e0c
11 1 21 532509
12 1 21 c68301
8 2 21 4c1e02
9 2 21 401e03
10 2 21 54291c
11 2 21 481d1c
12 2 21 ba7800
8 3 21 4c1e02
9 3 21 321803
10 3 21 532509
11 3 21 c68301
12 3 21 ba7800
9 4 21 4c1e02
10 4 21 b45102
11 4 21 c68301
9 5 21 60600a
10 5 21 d29007
11 5 21 d29007
0 6 21 123119
1 6 21 4c1e02
7 6 21 6d6806
8 6 21 6d6806
9 6 21 6d6806
0 7 21 123119
1 7 21 4c1e02
2 7 21 545c0a
3 7 21 545c0a
4 7 21 60600a
5 7 21 6d6806
6 7 21 6d6806
7 7 21 6d6806
8 7 21 6d6806
1 8 21 532509
2 8 21 401e03
3 8 21 545c0a
4 8 21 60600a
5 8 21 6d6806
9 0 22 420900
10 0 22 270b10
11 0 22 7e4106
12 0 22 ba7800
9 1 22 5f1b00
10 1 22 6e2102
11 1 22 642e0c
12 1 22 ba7800
9 2 22 401e03
10 2 22 532509
11 2 22 2c3c05
12 2 22 d29007
11 3 22 364a06
12 3 22 d29007
10 4 22 45500a
11 4 22 d29007
8 5 22 a59111
9 5 22 70721b
10 5 22 45500a
0 6 22 102215
1 6 22 401e03
6 6 22 c3a620
7 6 22 e0ba25
8 6 22 545c0a
9 6 22 1f3812
0 7 22 102215
1 7 22 3d4b12
2 7 22 45500a
3 7 22 45500a
4 7 22 45500a
5 7 22 545c0a
6 7 22 545c0a
7 7 22 2c3c05
3 8 22 45500a
4 8 22 45500a
12 0 23 134008
11 1 23 415b10
12 1 23 1f3812
11 2 23 415b10
12 2 23 dc9905
11 3 23 45500a
9 4 23 fbde5a
10 4 23 415b10
11 4 23 45500a
8 5 23 fbde5a
9 5 23 fbde5a
10 5 23 364a06
0 6 23 123119
1 6 23 102215
5 6 23 a59111
6 6 23 b29c1b
7 6 23 fbde5a
8 6 23 040905
9 6 23 fbde5a
1 7 23 3d4b12
2 7 23 325110
3 7 23 3d4b12
4 7 23 45500a
5 7 23 415b10
6 7 23 6d6806
7 7 23 fbde5a
11 0 24 517207
12 0 24 45660b
11 1 24 45660b
12 1 24 171a0b
11 2 24 45660b
10 3 24 415b10
11 3 24 415b10
9 4 24 f6dc46
10 4 24 415b10
0 5 24 123119
1 5 24 102215
8 5 24 171a0b
9 5 24 eed559
0 6 24 123119
1 6 24 325110
2 6 24 325110
3 6 24 325110
4 6 24 325110
5 6 24 45500a
6 6 24 fbde5a
7 6 24 0d1308
8 6 24 0d1308
9 6 24 0d1308
2 7 24 325110
3 7 24 325110
4 7 24 325110
5 7 24 415b10
6 7 24 fbde5a
11 0 25 45660b
11 1 25 45660b
10 2 25 45660b
11 2 25 45660b
9 3 25 415b10
10 3 25 415b10
9 4 25 fbde5a
10 4 25 415b10
0 5 25 123119
1 5 25 123119
2 5 25 325110
5 5 25 a59111
6 5 25 fbde5a
7 5 25 040905
8 5 25 040905
9 5 25 e5ca54
1 6 25 325110
2 6 25 325110
3 6 25 325110
4 6 25 325110
5 6 25 102215
6 6 25 fbde5a
7 6 25 0d1308
8 6 25 0d1308
10 0 26 45660b
9 1 26 415b10
10 1 26 45660b
9 2 26 415b10
10 2 26 45660b
8 3 26 999802
9 3 26 415b10
10 3 26 415b10
0 4 26 0d3b1e
1 4 26 123119
2 4 26 123119
6 4 26 0d2a05
7 4 26 0d2a05
8 4 26 c0a90d
9 4 26 947c03
0 5 26 123119
1 5 26 123119
2 5 26 325110
3 5 26 325110
4 5 26 325110
5 5 26 102215
6 5 26 af9e0c
7 5 26 fbde5a
8 5 26 fbde5a
2 6 26 325110
3 6 26 325110
4 6 26 325110
5 6 26 1f3812
6 6 26 fbde5a
7 6 26 7e7531
8 0 27 415b10
9 0 27 415b10
10 0 27 45660b
8 1 27 415b10
9 1 27 415b10
10 1 27 45660b
7 2 27 415b10
8 2 27 415b10
9 2 27 415b10
0 3 27 0d3b1e
1 3 27 0d3b1e
2 3 27 1c3921
3 3 27 0d3b1e
4 3 27 325110
6 3 27 325110
7 3 27 415b10
8 3 27 415b10
9 3 27 415b10
0 4 27 1c3921
1 4 27 123119
2 4 27 123119
3 4 27 325110
4 4 27 325110
5 4 27 325110
6 4 27 325110
7 4 27 325110
8 4 27 325110
2 5 27 325110
3 5 27 325110
4 5 27 325110
5 5 27 325110
6 5 27 2e4414
0 0 28 0d3b1e
1 0 28 0d3b1e
5 0 28 22441b
6 0 28 22441b
7 0 28 22441b
8 0 28 415b10
0 1 28 0d3b1e
1 1 28 0d3b1e
2 1 28 0d3b1e
3 1 28 1c3921
4 1 28 1c3921
5 1 28 22441b
6 1 28 22441b
7 1 28 22441b
8 1 28 415b10
0 2 28 0d3b1e
1 2 28 0d3b1e
2 2 28 0d3b1e
3 2 28 1c3921
4 2 28 1c3921
5 2 28 1f3812
6 2 28 325110
7 2 28 415b10
8 2 28 415b10
0 3 28 1c3921
1 3 28 0d3b1e
2 3 28 123119
3 3 28 1c3921
4 3 28 22441b
5 3 28 325110
6 3 28 325110
7 3 28 415b10
3 4 28 1f3812
4 4 28 325110
5 4 28 325110
6 4 28 325110
0 0 29 0d3b1e
1 0 29 0d3b1e
2 0 29 0d3b1e
3 0 29 0d3b1e
4 0 29 1c3921
5 0 29 1c3921
6 0 29 1f3812
0 1 29 0d3b1e
1 1 29 0d3b1e
2 1 29 0d3b1e
3 1 29 0d3b1e
4 1 29 1c3921
5 1 29 22441b
6 1 29 22441b
2 2 29 0d3b1e
3 2 29 1f3812
4 2 29 1c3921
